1000
3
0 1
998 1
999 1
3
0 1
1 1
999 1
3
0 1
1 1
2 1
3
1 1
2 1
3 1
3
2 1
3 1
4 1
3
3 1
4 1
5 1
3
4 1
5 1
6 1
3
5 1
6 1
7 1
3
6 1
7 1
8 1
3
7 1
8 1
9 1
3
8 1
9 1
10 1
3
9 1
10 1
11 1
3
10 1
11 1
12 1
3
11 1
12 1
13 1
3
12 1
13 1
14 1
3
13 1
14 1
15 1
3
14 1
15 1
16 1
3
15 1
16 1
17 1
3
16 1
17 1
18 1
3
17 1
18 1
19 1
3
18 1
19 1
20 1
3
19 1
20 1
21 1
3
20 1
21 1
22 1
3
21 1
22 1
23 1
3
22 1
23 1
24 1
3
23 1
24 1
25 1
3
24 1
25 1
26 1
3
25 1
26 1
27 1
3
26 1
27 1
28 1
3
27 1
28 1
29 1
3
28 1
29 1
30 1
3
29 1
30 1
31 1
3
30 1
31 1
32 1
3
31 1
32 1
33 1
3
32 1
33 1
34 1
3
33 1
34 1
35 1
3
34 1
35 1
36 1
3
35 1
36 1
37 1
3
36 1
37 1
38 1
3
37 1
38 1
39 1
3
38 1
39 1
40 1
3
39 1
40 1
41 1
3
40 1
41 1
42 1
3
41 1
42 1
43 1
3
42 1
43 1
44 1
3
43 1
44 1
45 1
3
44 1
45 1
46 1
3
45 1
46 1
47 1
3
46 1
47 1
48 1
3
47 1
48 1
49 1
3
48 1
49 1
50 1
3
49 1
50 1
51 1
3
50 1
51 1
52 1
3
51 1
52 1
53 1
3
52 1
53 1
54 1
3
53 1
54 1
55 1
3
54 1
55 1
56 1
3
55 1
56 1
57 1
3
56 1
57 1
58 1
3
57 1
58 1
59 1
3
58 1
59 1
60 1
3
59 1
60 1
61 1
3
60 1
61 1
62 1
3
61 1
62 1
63 1
3
62 1
63 1
64 1
3
63 1
64 1
65 1
3
64 1
65 1
66 1
3
65 1
66 1
67 1
3
66 1
67 1
68 1
3
67 1
68 1
69 1
3
68 1
69 1
70 1
3
69 1
70 1
71 1
3
70 1
71 1
72 1
3
71 1
72 1
73 1
3
72 1
73 1
74 1
3
73 1
74 1
75 1
3
74 1
75 1
76 1
3
75 1
76 1
77 1
3
76 1
77 1
78 1
3
77 1
78 1
79 1
3
78 1
79 1
80 1
3
79 1
80 1
81 1
3
80 1
81 1
82 1
3
81 1
82 1
83 1
3
82 1
83 1
84 1
3
83 1
84 1
85 1
3
84 1
85 1
86 1
3
85 1
86 1
87 1
3
86 1
87 1
88 1
3
87 1
88 1
89 1
3
88 1
89 1
90 1
3
89 1
90 1
91 1
3
90 1
91 1
92 1
3
91 1
92 1
93 1
3
92 1
93 1
94 1
3
93 1
94 1
95 1
3
94 1
95 1
96 1
3
95 1
96 1
97 1
3
96 1
97 1
98 1
3
97 1
98 1
99 1
3
98 1
99 1
100 1
3
99 1
100 1
101 1
3
100 1
101 1
102 1
3
101 1
102 1
103 1
3
102 1
103 1
104 1
3
103 1
104 1
105 1
3
104 1
105 1
106 1
3
105 1
106 1
107 1
3
106 1
107 1
108 1
3
107 1
108 1
109 1
3
108 1
109 1
110 1
3
109 1
110 1
111 1
3
110 1
111 1
112 1
3
111 1
112 1
113 1
3
112 1
113 1
114 1
3
113 1
114 1
115 1
3
114 1
115 1
116 1
3
115 1
116 1
117 1
3
116 1
117 1
118 1
3
117 1
118 1
119 1
3
118 1
119 1
120 1
3
119 1
120 1
121 1
3
120 1
121 1
122 1
3
121 1
122 1
123 1
3
122 1
123 1
124 1
3
123 1
124 1
125 1
3
124 1
125 1
126 1
3
125 1
126 1
127 1
3
126 1
127 1
128 1
3
127 1
128 1
129 1
3
128 1
129 1
130 1
3
129 1
130 1
131 1
3
130 1
131 1
132 1
3
131 1
132 1
133 1
3
132 1
133 1
134 1
3
133 1
134 1
135 1
3
134 1
135 1
136 1
3
135 1
136 1
137 1
3
136 1
137 1
138 1
3
137 1
138 1
139 1
3
138 1
139 1
140 1
3
139 1
140 1
141 1
3
140 1
141 1
142 1
3
141 1
142 1
143 1
3
142 1
143 1
144 1
3
143 1
144 1
145 1
3
144 1
145 1
146 1
3
145 1
146 1
147 1
3
146 1
147 1
148 1
3
147 1
148 1
149 1
3
148 1
149 1
150 1
3
149 1
150 1
151 1
3
150 1
151 1
152 1
3
151 1
152 1
153 1
3
152 1
153 1
154 1
3
153 1
154 1
155 1
3
154 1
155 1
156 1
3
155 1
156 1
157 1
3
156 1
157 1
158 1
3
157 1
158 1
159 1
3
158 1
159 1
160 1
3
159 1
160 1
161 1
3
160 1
161 1
162 1
3
161 1
162 1
163 1
3
162 1
163 1
164 1
3
163 1
164 1
165 1
3
164 1
165 1
166 1
3
165 1
166 1
167 1
3
166 1
167 1
168 1
3
167 1
168 1
169 1
3
168 1
169 1
170 1
3
169 1
170 1
171 1
3
170 1
171 1
172 1
3
171 1
172 1
173 1
3
172 1
173 1
174 1
3
173 1
174 1
175 1
3
174 1
175 1
176 1
3
175 1
176 1
177 1
3
176 1
177 1
178 1
3
177 1
178 1
179 1
3
178 1
179 1
180 1
3
179 1
180 1
181 1
3
180 1
181 1
182 1
3
181 1
182 1
183 1
3
182 1
183 1
184 1
3
183 1
184 1
185 1
3
184 1
185 1
186 1
3
185 1
186 1
187 1
3
186 1
187 1
188 1
3
187 1
188 1
189 1
3
188 1
189 1
190 1
3
189 1
190 1
191 1
3
190 1
191 1
192 1
3
191 1
192 1
193 1
3
192 1
193 1
194 1
3
193 1
194 1
195 1
3
194 1
195 1
196 1
3
195 1
196 1
197 1
3
196 1
197 1
198 1
3
197 1
198 1
199 1
3
198 1
199 1
200 1
3
199 1
200 1
201 1
3
200 1
201 1
202 1
3
201 1
202 1
203 1
3
202 1
203 1
204 1
3
203 1
204 1
205 1
3
204 1
205 1
206 1
3
205 1
206 1
207 1
3
206 1
207 1
208 1
3
207 1
208 1
209 1
3
208 1
209 1
210 1
3
209 1
210 1
211 1
3
210 1
211 1
212 1
3
211 1
212 1
213 1
3
212 1
213 1
214 1
3
213 1
214 1
215 1
3
214 1
215 1
216 1
3
215 1
216 1
217 1
3
216 1
217 1
218 1
3
217 1
218 1
219 1
3
218 1
219 1
220 1
3
219 1
220 1
221 1
3
220 1
221 1
222 1
3
221 1
222 1
223 1
3
222 1
223 1
224 1
3
223 1
224 1
225 1
3
224 1
225 1
226 1
3
225 1
226 1
227 1
3
226 1
227 1
228 1
3
227 1
228 1
229 1
3
228 1
229 1
230 1
3
229 1
230 1
231 1
3
230 1
231 1
232 1
3
231 1
232 1
233 1
3
232 1
233 1
234 1
3
233 1
234 1
235 1
3
234 1
235 1
236 1
3
235 1
236 1
237 1
3
236 1
237 1
238 1
3
237 1
238 1
239 1
3
238 1
239 1
240 1
3
239 1
240 1
241 1
3
240 1
241 1
242 1
3
241 1
242 1
243 1
3
242 1
243 1
244 1
3
243 1
244 1
245 1
3
244 1
245 1
246 1
3
245 1
246 1
247 1
3
246 1
247 1
248 1
3
247 1
248 1
249 1
3
248 1
249 1
250 1
3
249 1
250 1
251 1
3
250 1
251 1
252 1
3
251 1
252 1
253 1
3
252 1
253 1
254 1
3
253 1
254 1
255 1
3
254 1
255 1
256 1
3
255 1
256 1
257 1
3
256 1
257 1
258 1
3
257 1
258 1
259 1
3
258 1
259 1
260 1
3
259 1
260 1
261 1
3
260 1
261 1
262 1
3
261 1
262 1
263 1
3
262 1
263 1
264 1
3
263 1
264 1
265 1
3
264 1
265 1
266 1
3
265 1
266 1
267 1
3
266 1
267 1
268 1
3
267 1
268 1
269 1
3
268 1
269 1
270 1
3
269 1
270 1
271 1
3
270 1
271 1
272 1
3
271 1
272 1
273 1
3
272 1
273 1
274 1
3
273 1
274 1
275 1
3
274 1
275 1
276 1
3
275 1
276 1
277 1
3
276 1
277 1
278 1
3
277 1
278 1
279 1
3
278 1
279 1
280 1
3
279 1
280 1
281 1
3
280 1
281 1
282 1
3
281 1
282 1
283 1
3
282 1
283 1
284 1
3
283 1
284 1
285 1
3
284 1
285 1
286 1
3
285 1
286 1
287 1
3
286 1
287 1
288 1
3
287 1
288 1
289 1
3
288 1
289 1
290 1
3
289 1
290 1
291 1
3
290 1
291 1
292 1
3
291 1
292 1
293 1
3
292 1
293 1
294 1
3
293 1
294 1
295 1
3
294 1
295 1
296 1
3
295 1
296 1
297 1
3
296 1
297 1
298 1
3
297 1
298 1
299 1
3
298 1
299 1
300 1
3
299 1
300 1
301 1
3
300 1
301 1
302 1
3
301 1
302 1
303 1
3
302 1
303 1
304 1
3
303 1
304 1
305 1
3
304 1
305 1
306 1
3
305 1
306 1
307 1
3
306 1
307 1
308 1
3
307 1
308 1
309 1
3
308 1
309 1
310 1
3
309 1
310 1
311 1
3
310 1
311 1
312 1
3
311 1
312 1
313 1
3
312 1
313 1
314 1
3
313 1
314 1
315 1
3
314 1
315 1
316 1
3
315 1
316 1
317 1
3
316 1
317 1
318 1
3
317 1
318 1
319 1
3
318 1
319 1
320 1
3
319 1
320 1
321 1
3
320 1
321 1
322 1
3
321 1
322 1
323 1
3
322 1
323 1
324 1
3
323 1
324 1
325 1
3
324 1
325 1
326 1
3
325 1
326 1
327 1
3
326 1
327 1
328 1
3
327 1
328 1
329 1
3
328 1
329 1
330 1
3
329 1
330 1
331 1
3
330 1
331 1
332 1
3
331 1
332 1
333 1
3
332 1
333 1
334 1
3
333 1
334 1
335 1
3
334 1
335 1
336 1
3
335 1
336 1
337 1
3
336 1
337 1
338 1
3
337 1
338 1
339 1
3
338 1
339 1
340 1
3
339 1
340 1
341 1
3
340 1
341 1
342 1
3
341 1
342 1
343 1
3
342 1
343 1
344 1
3
343 1
344 1
345 1
3
344 1
345 1
346 1
3
345 1
346 1
347 1
3
346 1
347 1
348 1
3
347 1
348 1
349 1
3
348 1
349 1
350 1
3
349 1
350 1
351 1
3
350 1
351 1
352 1
3
351 1
352 1
353 1
3
352 1
353 1
354 1
3
353 1
354 1
355 1
3
354 1
355 1
356 1
3
355 1
356 1
357 1
3
356 1
357 1
358 1
3
357 1
358 1
359 1
3
358 1
359 1
360 1
3
359 1
360 1
361 1
3
360 1
361 1
362 1
3
361 1
362 1
363 1
3
362 1
363 1
364 1
3
363 1
364 1
365 1
3
364 1
365 1
366 1
3
365 1
366 1
367 1
3
366 1
367 1
368 1
3
367 1
368 1
369 1
3
368 1
369 1
370 1
3
369 1
370 1
371 1
3
370 1
371 1
372 1
3
371 1
372 1
373 1
3
372 1
373 1
374 1
3
373 1
374 1
375 1
3
374 1
375 1
376 1
3
375 1
376 1
377 1
3
376 1
377 1
378 1
3
377 1
378 1
379 1
3
378 1
379 1
380 1
3
379 1
380 1
381 1
3
380 1
381 1
382 1
3
381 1
382 1
383 1
3
382 1
383 1
384 1
3
383 1
384 1
385 1
3
384 1
385 1
386 1
3
385 1
386 1
387 1
3
386 1
387 1
388 1
3
387 1
388 1
389 1
3
388 1
389 1
390 1
3
389 1
390 1
391 1
3
390 1
391 1
392 1
3
391 1
392 1
393 1
3
392 1
393 1
394 1
3
393 1
394 1
395 1
3
394 1
395 1
396 1
3
395 1
396 1
397 1
3
396 1
397 1
398 1
3
397 1
398 1
399 1
3
398 1
399 1
400 1
3
399 1
400 1
401 1
3
400 1
401 1
402 1
3
401 1
402 1
403 1
3
402 1
403 1
404 1
3
403 1
404 1
405 1
3
404 1
405 1
406 1
3
405 1
406 1
407 1
3
406 1
407 1
408 1
3
407 1
408 1
409 1
3
408 1
409 1
410 1
3
409 1
410 1
411 1
3
410 1
411 1
412 1
3
411 1
412 1
413 1
3
412 1
413 1
414 1
3
413 1
414 1
415 1
3
414 1
415 1
416 1
3
415 1
416 1
417 1
3
416 1
417 1
418 1
3
417 1
418 1
419 1
3
418 1
419 1
420 1
3
419 1
420 1
421 1
3
420 1
421 1
422 1
3
421 1
422 1
423 1
3
422 1
423 1
424 1
3
423 1
424 1
425 1
3
424 1
425 1
426 1
3
425 1
426 1
427 1
3
426 1
427 1
428 1
3
427 1
428 1
429 1
3
428 1
429 1
430 1
3
429 1
430 1
431 1
3
430 1
431 1
432 1
3
431 1
432 1
433 1
3
432 1
433 1
434 1
3
433 1
434 1
435 1
3
434 1
435 1
436 1
3
435 1
436 1
437 1
3
436 1
437 1
438 1
3
437 1
438 1
439 1
3
438 1
439 1
440 1
3
439 1
440 1
441 1
3
440 1
441 1
442 1
3
441 1
442 1
443 1
3
442 1
443 1
444 1
3
443 1
444 1
445 1
3
444 1
445 1
446 1
3
445 1
446 1
447 1
3
446 1
447 1
448 1
3
447 1
448 1
449 1
3
448 1
449 1
450 1
3
449 1
450 1
451 1
3
450 1
451 1
452 1
3
451 1
452 1
453 1
3
452 1
453 1
454 1
3
453 1
454 1
455 1
3
454 1
455 1
456 1
3
455 1
456 1
457 1
3
456 1
457 1
458 1
3
457 1
458 1
459 1
3
458 1
459 1
460 1
3
459 1
460 1
461 1
3
460 1
461 1
462 1
3
461 1
462 1
463 1
3
462 1
463 1
464 1
3
463 1
464 1
465 1
3
464 1
465 1
466 1
3
465 1
466 1
467 1
3
466 1
467 1
468 1
3
467 1
468 1
469 1
3
468 1
469 1
470 1
3
469 1
470 1
471 1
3
470 1
471 1
472 1
3
471 1
472 1
473 1
3
472 1
473 1
474 1
3
473 1
474 1
475 1
3
474 1
475 1
476 1
3
475 1
476 1
477 1
3
476 1
477 1
478 1
3
477 1
478 1
479 1
3
478 1
479 1
480 1
3
479 1
480 1
481 1
3
480 1
481 1
482 1
3
481 1
482 1
483 1
3
482 1
483 1
484 1
3
483 1
484 1
485 1
3
484 1
485 1
486 1
3
485 1
486 1
487 1
3
486 1
487 1
488 1
3
487 1
488 1
489 1
3
488 1
489 1
490 1
3
489 1
490 1
491 1
3
490 1
491 1
492 1
3
491 1
492 1
493 1
3
492 1
493 1
494 1
3
493 1
494 1
495 1
3
494 1
495 1
496 1
3
495 1
496 1
497 1
3
496 1
497 1
498 1
3
497 1
498 1
499 1
3
498 1
499 1
500 1
3
499 1
500 1
501 1
3
500 1
501 1
502 1
3
501 1
502 1
503 1
3
502 1
503 1
504 1
3
503 1
504 1
505 1
3
504 1
505 1
506 1
3
505 1
506 1
507 1
3
506 1
507 1
508 1
3
507 1
508 1
509 1
3
508 1
509 1
510 1
3
509 1
510 1
511 1
3
510 1
511 1
512 1
3
511 1
512 1
513 1
3
512 1
513 1
514 1
3
513 1
514 1
515 1
3
514 1
515 1
516 1
3
515 1
516 1
517 1
3
516 1
517 1
518 1
3
517 1
518 1
519 1
3
518 1
519 1
520 1
3
519 1
520 1
521 1
3
520 1
521 1
522 1
3
521 1
522 1
523 1
3
522 1
523 1
524 1
3
523 1
524 1
525 1
3
524 1
525 1
526 1
3
525 1
526 1
527 1
3
526 1
527 1
528 1
3
527 1
528 1
529 1
3
528 1
529 1
530 1
3
529 1
530 1
531 1
3
530 1
531 1
532 1
3
531 1
532 1
533 1
3
532 1
533 1
534 1
3
533 1
534 1
535 1
3
534 1
535 1
536 1
3
535 1
536 1
537 1
3
536 1
537 1
538 1
3
537 1
538 1
539 1
3
538 1
539 1
540 1
3
539 1
540 1
541 1
3
540 1
541 1
542 1
3
541 1
542 1
543 1
3
542 1
543 1
544 1
3
543 1
544 1
545 1
3
544 1
545 1
546 1
3
545 1
546 1
547 1
3
546 1
547 1
548 1
3
547 1
548 1
549 1
3
548 1
549 1
550 1
3
549 1
550 1
551 1
3
550 1
551 1
552 1
3
551 1
552 1
553 1
3
552 1
553 1
554 1
3
553 1
554 1
555 1
3
554 1
555 1
556 1
3
555 1
556 1
557 1
3
556 1
557 1
558 1
3
557 1
558 1
559 1
3
558 1
559 1
560 1
3
559 1
560 1
561 1
3
560 1
561 1
562 1
3
561 1
562 1
563 1
3
562 1
563 1
564 1
3
563 1
564 1
565 1
3
564 1
565 1
566 1
3
565 1
566 1
567 1
3
566 1
567 1
568 1
3
567 1
568 1
569 1
3
568 1
569 1
570 1
3
569 1
570 1
571 1
3
570 1
571 1
572 1
3
571 1
572 1
573 1
3
572 1
573 1
574 1
3
573 1
574 1
575 1
3
574 1
575 1
576 1
3
575 1
576 1
577 1
3
576 1
577 1
578 1
3
577 1
578 1
579 1
3
578 1
579 1
580 1
3
579 1
580 1
581 1
3
580 1
581 1
582 1
3
581 1
582 1
583 1
3
582 1
583 1
584 1
3
583 1
584 1
585 1
3
584 1
585 1
586 1
3
585 1
586 1
587 1
3
586 1
587 1
588 1
3
587 1
588 1
589 1
3
588 1
589 1
590 1
3
589 1
590 1
591 1
3
590 1
591 1
592 1
3
591 1
592 1
593 1
3
592 1
593 1
594 1
3
593 1
594 1
595 1
3
594 1
595 1
596 1
3
595 1
596 1
597 1
3
596 1
597 1
598 1
3
597 1
598 1
599 1
3
598 1
599 1
600 1
3
599 1
600 1
601 1
3
600 1
601 1
602 1
3
601 1
602 1
603 1
3
602 1
603 1
604 1
3
603 1
604 1
605 1
3
604 1
605 1
606 1
3
605 1
606 1
607 1
3
606 1
607 1
608 1
3
607 1
608 1
609 1
3
608 1
609 1
610 1
3
609 1
610 1
611 1
3
610 1
611 1
612 1
3
611 1
612 1
613 1
3
612 1
613 1
614 1
3
613 1
614 1
615 1
3
614 1
615 1
616 1
3
615 1
616 1
617 1
3
616 1
617 1
618 1
3
617 1
618 1
619 1
3
618 1
619 1
620 1
3
619 1
620 1
621 1
3
620 1
621 1
622 1
3
621 1
622 1
623 1
3
622 1
623 1
624 1
3
623 1
624 1
625 1
3
624 1
625 1
626 1
3
625 1
626 1
627 1
3
626 1
627 1
628 1
3
627 1
628 1
629 1
3
628 1
629 1
630 1
3
629 1
630 1
631 1
3
630 1
631 1
632 1
3
631 1
632 1
633 1
3
632 1
633 1
634 1
3
633 1
634 1
635 1
3
634 1
635 1
636 1
3
635 1
636 1
637 1
3
636 1
637 1
638 1
3
637 1
638 1
639 1
3
638 1
639 1
640 1
3
639 1
640 1
641 1
3
640 1
641 1
642 1
3
641 1
642 1
643 1
3
642 1
643 1
644 1
3
643 1
644 1
645 1
3
644 1
645 1
646 1
3
645 1
646 1
647 1
3
646 1
647 1
648 1
3
647 1
648 1
649 1
3
648 1
649 1
650 1
3
649 1
650 1
651 1
3
650 1
651 1
652 1
3
651 1
652 1
653 1
3
652 1
653 1
654 1
3
653 1
654 1
655 1
3
654 1
655 1
656 1
3
655 1
656 1
657 1
3
656 1
657 1
658 1
3
657 1
658 1
659 1
3
658 1
659 1
660 1
3
659 1
660 1
661 1
3
660 1
661 1
662 1
3
661 1
662 1
663 1
3
662 1
663 1
664 1
3
663 1
664 1
665 1
3
664 1
665 1
666 1
3
665 1
666 1
667 1
3
666 1
667 1
668 1
3
667 1
668 1
669 1
3
668 1
669 1
670 1
3
669 1
670 1
671 1
3
670 1
671 1
672 1
3
671 1
672 1
673 1
3
672 1
673 1
674 1
3
673 1
674 1
675 1
3
674 1
675 1
676 1
3
675 1
676 1
677 1
3
676 1
677 1
678 1
3
677 1
678 1
679 1
3
678 1
679 1
680 1
3
679 1
680 1
681 1
3
680 1
681 1
682 1
3
681 1
682 1
683 1
3
682 1
683 1
684 1
3
683 1
684 1
685 1
3
684 1
685 1
686 1
3
685 1
686 1
687 1
3
686 1
687 1
688 1
3
687 1
688 1
689 1
3
688 1
689 1
690 1
3
689 1
690 1
691 1
3
690 1
691 1
692 1
3
691 1
692 1
693 1
3
692 1
693 1
694 1
3
693 1
694 1
695 1
3
694 1
695 1
696 1
3
695 1
696 1
697 1
3
696 1
697 1
698 1
3
697 1
698 1
699 1
3
698 1
699 1
700 1
3
699 1
700 1
701 1
3
700 1
701 1
702 1
3
701 1
702 1
703 1
3
702 1
703 1
704 1
3
703 1
704 1
705 1
3
704 1
705 1
706 1
3
705 1
706 1
707 1
3
706 1
707 1
708 1
3
707 1
708 1
709 1
3
708 1
709 1
710 1
3
709 1
710 1
711 1
3
710 1
711 1
712 1
3
711 1
712 1
713 1
3
712 1
713 1
714 1
3
713 1
714 1
715 1
3
714 1
715 1
716 1
3
715 1
716 1
717 1
3
716 1
717 1
718 1
3
717 1
718 1
719 1
3
718 1
719 1
720 1
3
719 1
720 1
721 1
3
720 1
721 1
722 1
3
721 1
722 1
723 1
3
722 1
723 1
724 1
3
723 1
724 1
725 1
3
724 1
725 1
726 1
3
725 1
726 1
727 1
3
726 1
727 1
728 1
3
727 1
728 1
729 1
3
728 1
729 1
730 1
3
729 1
730 1
731 1
3
730 1
731 1
732 1
3
731 1
732 1
733 1
3
732 1
733 1
734 1
3
733 1
734 1
735 1
3
734 1
735 1
736 1
3
735 1
736 1
737 1
3
736 1
737 1
738 1
3
737 1
738 1
739 1
3
738 1
739 1
740 1
3
739 1
740 1
741 1
3
740 1
741 1
742 1
3
741 1
742 1
743 1
3
742 1
743 1
744 1
3
743 1
744 1
745 1
3
744 1
745 1
746 1
3
745 1
746 1
747 1
3
746 1
747 1
748 1
3
747 1
748 1
749 1
3
748 1
749 1
750 1
3
749 1
750 1
751 1
3
750 1
751 1
752 1
3
751 1
752 1
753 1
3
752 1
753 1
754 1
3
753 1
754 1
755 1
3
754 1
755 1
756 1
3
755 1
756 1
757 1
3
756 1
757 1
758 1
3
757 1
758 1
759 1
3
758 1
759 1
760 1
3
759 1
760 1
761 1
3
760 1
761 1
762 1
3
761 1
762 1
763 1
3
762 1
763 1
764 1
3
763 1
764 1
765 1
3
764 1
765 1
766 1
3
765 1
766 1
767 1
3
766 1
767 1
768 1
3
767 1
768 1
769 1
3
768 1
769 1
770 1
3
769 1
770 1
771 1
3
770 1
771 1
772 1
3
771 1
772 1
773 1
3
772 1
773 1
774 1
3
773 1
774 1
775 1
3
774 1
775 1
776 1
3
775 1
776 1
777 1
3
776 1
777 1
778 1
3
777 1
778 1
779 1
3
778 1
779 1
780 1
3
779 1
780 1
781 1
3
780 1
781 1
782 1
3
781 1
782 1
783 1
3
782 1
783 1
784 1
3
783 1
784 1
785 1
3
784 1
785 1
786 1
3
785 1
786 1
787 1
3
786 1
787 1
788 1
3
787 1
788 1
789 1
3
788 1
789 1
790 1
3
789 1
790 1
791 1
3
790 1
791 1
792 1
3
791 1
792 1
793 1
3
792 1
793 1
794 1
3
793 1
794 1
795 1
3
794 1
795 1
796 1
3
795 1
796 1
797 1
3
796 1
797 1
798 1
3
797 1
798 1
799 1
3
798 1
799 1
800 1
3
799 1
800 1
801 1
3
800 1
801 1
802 1
3
801 1
802 1
803 1
3
802 1
803 1
804 1
3
803 1
804 1
805 1
3
804 1
805 1
806 1
3
805 1
806 1
807 1
3
806 1
807 1
808 1
3
807 1
808 1
809 1
3
808 1
809 1
810 1
3
809 1
810 1
811 1
3
810 1
811 1
812 1
3
811 1
812 1
813 1
3
812 1
813 1
814 1
3
813 1
814 1
815 1
3
814 1
815 1
816 1
3
815 1
816 1
817 1
3
816 1
817 1
818 1
3
817 1
818 1
819 1
3
818 1
819 1
820 1
3
819 1
820 1
821 1
3
820 1
821 1
822 1
3
821 1
822 1
823 1
3
822 1
823 1
824 1
3
823 1
824 1
825 1
3
824 1
825 1
826 1
3
825 1
826 1
827 1
3
826 1
827 1
828 1
3
827 1
828 1
829 1
3
828 1
829 1
830 1
3
829 1
830 1
831 1
3
830 1
831 1
832 1
3
831 1
832 1
833 1
3
832 1
833 1
834 1
3
833 1
834 1
835 1
3
834 1
835 1
836 1
3
835 1
836 1
837 1
3
836 1
837 1
838 1
3
837 1
838 1
839 1
3
838 1
839 1
840 1
3
839 1
840 1
841 1
3
840 1
841 1
842 1
3
841 1
842 1
843 1
3
842 1
843 1
844 1
3
843 1
844 1
845 1
3
844 1
845 1
846 1
3
845 1
846 1
847 1
3
846 1
847 1
848 1
3
847 1
848 1
849 1
3
848 1
849 1
850 1
3
849 1
850 1
851 1
3
850 1
851 1
852 1
3
851 1
852 1
853 1
3
852 1
853 1
854 1
3
853 1
854 1
855 1
3
854 1
855 1
856 1
3
855 1
856 1
857 1
3
856 1
857 1
858 1
3
857 1
858 1
859 1
3
858 1
859 1
860 1
3
859 1
860 1
861 1
3
860 1
861 1
862 1
3
861 1
862 1
863 1
3
862 1
863 1
864 1
3
863 1
864 1
865 1
3
864 1
865 1
866 1
3
865 1
866 1
867 1
3
866 1
867 1
868 1
3
867 1
868 1
869 1
3
868 1
869 1
870 1
3
869 1
870 1
871 1
3
870 1
871 1
872 1
3
871 1
872 1
873 1
3
872 1
873 1
874 1
3
873 1
874 1
875 1
3
874 1
875 1
876 1
3
875 1
876 1
877 1
3
876 1
877 1
878 1
3
877 1
878 1
879 1
3
878 1
879 1
880 1
3
879 1
880 1
881 1
3
880 1
881 1
882 1
3
881 1
882 1
883 1
3
882 1
883 1
884 1
3
883 1
884 1
885 1
3
884 1
885 1
886 1
3
885 1
886 1
887 1
3
886 1
887 1
888 1
3
887 1
888 1
889 1
3
888 1
889 1
890 1
3
889 1
890 1
891 1
3
890 1
891 1
892 1
3
891 1
892 1
893 1
3
892 1
893 1
894 1
3
893 1
894 1
895 1
3
894 1
895 1
896 1
3
895 1
896 1
897 1
3
896 1
897 1
898 1
3
897 1
898 1
899 1
3
898 1
899 1
900 1
3
899 1
900 1
901 1
3
900 1
901 1
902 1
3
901 1
902 1
903 1
3
902 1
903 1
904 1
3
903 1
904 1
905 1
3
904 1
905 1
906 1
3
905 1
906 1
907 1
3
906 1
907 1
908 1
3
907 1
908 1
909 1
3
908 1
909 1
910 1
3
909 1
910 1
911 1
3
910 1
911 1
912 1
3
911 1
912 1
913 1
3
912 1
913 1
914 1
3
913 1
914 1
915 1
3
914 1
915 1
916 1
3
915 1
916 1
917 1
3
916 1
917 1
918 1
3
917 1
918 1
919 1
3
918 1
919 1
920 1
3
919 1
920 1
921 1
3
920 1
921 1
922 1
3
921 1
922 1
923 1
3
922 1
923 1
924 1
3
923 1
924 1
925 1
3
924 1
925 1
926 1
3
925 1
926 1
927 1
3
926 1
927 1
928 1
3
927 1
928 1
929 1
3
928 1
929 1
930 1
3
929 1
930 1
931 1
3
930 1
931 1
932 1
3
931 1
932 1
933 1
3
932 1
933 1
934 1
3
933 1
934 1
935 1
3
934 1
935 1
936 1
3
935 1
936 1
937 1
3
936 1
937 1
938 1
3
937 1
938 1
939 1
3
938 1
939 1
940 1
3
939 1
940 1
941 1
3
940 1
941 1
942 1
3
941 1
942 1
943 1
3
942 1
943 1
944 1
3
943 1
944 1
945 1
3
944 1
945 1
946 1
3
945 1
946 1
947 1
3
946 1
947 1
948 1
3
947 1
948 1
949 1
3
948 1
949 1
950 1
3
949 1
950 1
951 1
3
950 1
951 1
952 1
3
951 1
952 1
953 1
3
952 1
953 1
954 1
3
953 1
954 1
955 1
3
954 1
955 1
956 1
3
955 1
956 1
957 1
3
956 1
957 1
958 1
3
957 1
958 1
959 1
3
958 1
959 1
960 1
3
959 1
960 1
961 1
3
960 1
961 1
962 1
3
961 1
962 1
963 1
3
962 1
963 1
964 1
3
963 1
964 1
965 1
3
964 1
965 1
966 1
3
965 1
966 1
967 1
3
966 1
967 1
968 1
3
967 1
968 1
969 1
3
968 1
969 1
970 1
3
969 1
970 1
971 1
3
970 1
971 1
972 1
3
971 1
972 1
973 1
3
972 1
973 1
974 1
3
973 1
974 1
975 1
3
974 1
975 1
976 1
3
975 1
976 1
977 1
3
976 1
977 1
978 1
3
977 1
978 1
979 1
3
978 1
979 1
980 1
3
979 1
980 1
981 1
3
980 1
981 1
982 1
3
981 1
982 1
983 1
3
982 1
983 1
984 1
3
983 1
984 1
985 1
3
984 1
985 1
986 1
3
985 1
986 1
987 1
3
986 1
987 1
988 1
3
987 1
988 1
989 1
3
988 1
989 1
990 1
3
989 1
990 1
991 1
3
990 1
991 1
992 1
3
991 1
992 1
993 1
3
992 1
993 1
994 1
3
993 1
994 1
995 1
3
994 1
995 1
996 1
3
995 1
996 1
997 1
3
996 1
997 1
998 1
3
997 1
998 1
999 1
